97 571
104 596
110 619
118 641
130 660
150 674
170 686
190 698
210 699
229 693
245 676
261 659
274 640
280 619
281 597
282 574
282 550
112 565
124 556
141 554
157 556
174 560
205 560
220 553
236 548
253 546
268 553
190 577
192 591
193 605
195 618
183 631
190 631
197 631
204 628
211 625
137 580
146 575
158 574
168 582
157 584
146 584
215 578
224 569
235 566
246 570
237 576
226 578
161 650
176 648
191 645
201 646
211 642
225 641
241 640
229 658
216 666
205 668
194 669
179 665
167 651
192 651
202 651
212 648
235 643
213 657
204 659
193 659
