1289 389
1292 418
1295 446
1299 474
1309 500
1326 522
1345 543
1365 563
1390 570
1416 565
1440 548
1464 530
1485 508
1498 481
1504 450
1508 419
1511 387
1302 384
1315 372
1334 372
1351 377
1368 386
1408 386
1427 379
1446 374
1466 374
1482 385
1389 405
1389 425
1389 446
1388 466
1368 470
1378 475
1388 480
1400 475
1411 471
1326 401
1338 396
1351 397
1363 405
1350 407
1336 406
1419 407
1430 398
1444 398
1456 404
1445 408
1431 409
1341 487
1358 490
1376 491
1389 494
1404 491
1423 489
1443 488
1424 511
1405 522
1389 524
1374 522
1356 511
1347 491
1375 496
1389 498
1404 496
1437 490
1405 510
1390 513
1375 510
