827 458
831 480
839 502
847 523
859 542
875 559
892 574
911 586
933 586
955 579
974 564
989 548
1001 528
1006 504
1005 479
1002 454
999 430
831 435
842 427
857 426
871 428
885 433
913 428
927 417
942 411
959 408
975 412
902 443
905 459
907 475
909 492
897 503
905 504
913 506
921 501
928 497
852 448
860 439
873 438
882 448
872 452
860 452
929 442
938 429
951 427
961 433
954 440
942 442
880 529
890 523
904 520
916 521
929 517
947 515
963 516
952 538
936 549
923 552
910 553
894 546
885 530
906 527
918 527
931 524
958 519
933 536
920 540
908 540
