479 392
475 416
473 439
472 464
479 485
493 503
510 519
527 535
547 544
569 544
591 534
613 521
632 505
644 484
651 461
657 438
661 414
499 371
510 360
527 358
542 361
557 369
595 376
611 372
628 373
643 382
651 397
572 391
570 406
568 420
565 434
546 442
554 446
563 451
573 449
583 448
516 387
527 383
538 385
548 393
536 392
525 390
595 401
607 396
618 397
627 404
616 405
605 403
516 463
533 460
550 460
562 464
575 464
591 467
605 478
589 492
571 497
558 496
544 492
529 482
522 465
548 464
561 468
573 468
600 477
572 487
560 486
546 483
