1545 580
1544 600
1544 620
1543 641
1546 661
1557 677
1573 690
1589 703
1608 709
1630 708
1654 701
1677 692
1696 678
1707 660
1714 639
1720 618
1725 597
1557 560
1567 550
1581 546
1596 549
1609 557
1639 559
1655 555
1672 556
1688 563
1700 573
1622 579
1619 590
1616 600
1613 610
1601 626
1606 628
1612 631
1620 631
1627 631
1575 580
1586 577
1597 578
1605 585
1595 585
1584 584
1645 590
1655 586
1666 587
1675 593
1665 595
1655 594
1575 651
1589 647
1602 645
1610 648
1621 647
1636 652
1655 659
1635 668
1618 670
1608 670
1598 668
1586 663
1580 652
1601 652
1610 654
1620 654
1649 659
1619 662
1609 662
1600 660
